0.46439909297052157
0.7430385487528345
0.9287981859410431
1.1145578231292517
2.089795918367347
2.6006349206349206
2.7631746031746034
2.9257142857142857
3.111473922902494
3.274013605442177
3.436553287981859
3.599092970521542
3.7616326530612243
3.924172335600907
4.063492063492063
4.249251700680272
4.597551020408163
4.760090702947846
4.899410430839002
5.2477097505668935
5.410249433106576
5.572789115646258
5.758548752834467
5.921088435374149
6.03718820861678
6.5712471655328795
6.896326530612245
7.244625850340136
7.4071655328798185
7.569705215419501
7.662585034013605
8.057324263038549
8.730702947845804
9.218321995464853
9.729160997732427
9.891700680272109
9.984580498866213
10.170340136054422
10.356099773242631
10.65795918367347
10.843718820861678
11.029478458049887
11.168798185941043
11.354557823129252
11.702857142857143
12.027936507936507
12.376235827664399
12.701315192743763
12.863854875283447
13.02639455782313
13.188934240362812
13.374693877551021
13.537233560090703
13.630113378684808
13.699773242630386
13.79265306122449
14.02485260770975
14.210612244897959
14.373151927437641
14.535691609977324
14.698231292517006
14.86077097505669
15.023310657596372
15.185850340136055
15.348390022675737
15.534149659863946
15.696689342403628
15.85922902494331
16.021768707482995
16.184308390022675
16.34684807256236
16.532607709750568
16.671927437641724
16.857687074829933
17.020226757369613
17.182766439909297
17.345306122448978
17.507845804988662
17.670385487528346
17.856145124716555
18.018684807256236
18.18122448979592
18.3437641723356
18.506303854875284
18.668843537414965
18.83138321995465
18.99392290249433
19.17968253968254
19.342222222222222
19.504761904761907
19.667301587301587
19.82984126984127
19.99238095238095
20.154920634920636
20.317460317460316
20.503219954648525
20.66575963718821
20.82829931972789
20.990839002267574
21.153378684807254
21.31591836734694
21.478458049886623
21.640997732426303
21.826757369614512
21.989297052154196
22.151836734693877
22.31437641723356
22.47691609977324
22.66267573696145
22.825215419501134
22.987755102040815
23.1502947845805
23.312834467120183
23.475374149659864
23.637913832199548
23.823673469387757
23.986213151927437
24.14875283446712
24.3112925170068
24.473832199546486
24.636371882086166
25.63482993197279
26.145668934240362
26.308208616780046
26.470748299319727
26.79582766439909
26.9815873015873
27.144126984126984
27.28344671201814
27.631746031746033
27.794285714285714
27.956825396825398
28.281904761904762
28.444444444444443
28.606984126984127
28.792743764172336
28.955283446712016
29.1178231292517
29.280362811791385
29.442902494331065
29.60544217687075
29.76798185941043
29.930521541950114
30.093061224489794
30.278820861678003
30.441360544217687
30.603900226757368
30.789659863945577
30.928979591836736
31.091519274376417
31.2540589569161
31.43981859410431
31.60235827664399
31.764897959183674
31.927437641723355
32.08997732426304
32.25251700680272
32.43827664399093
32.57759637188209
32.76335600907029
32.92589569160998
33.08843537414966
33.25097505668934
33.436734693877554
33.57605442176871
33.761814058956915
33.90113378684807
34.08689342403628
34.249433106575964
34.411972789115644
34.57451247165533
34.76027210884354
34.92281179138322
35.085351473922906
35.247891156462586
35.41043083900227
35.57297052154195
35.735510204081635
35.898049886621315
36.08380952380952
36.24634920634921
36.40888888888889
36.73396825396826
36.89650793650794
37.05904761904762
37.24480725623583
37.40734693877551
37.89496598639456
38.080725623582765
38.22004535147392
38.40580498866213
38.568344671201814
38.730884353741494
38.89342403628118
39.05596371882086
39.21850340136054
39.381043083900224
39.54358276643991
39.72934240362812
39.8918820861678
40.054421768707485
40.216961451247165
40.40272108843537
40.542040816326534
40.72780045351474
40.867120181405895
41.05287981859411
41.21541950113379
41.37795918367347
41.54049886621315
41.703038548752836
41.86557823129252
42.0281179138322
42.21387755102041
42.37641723356009
42.53895691609977
42.70149659863946
42.86403628117914
43.049795918367344
43.1891156462585
43.37487528344671
43.86249433106576
44.02503401360544
44.373333333333335
44.51265306122449
44.698412698412696
44.860952380952384
45.186031746031745
45.37179138321996
45.859410430839006
46.021950113378686
46.18448979591837
46.34702947845805
46.509569160997735
46.672108843537416
46.85786848072562
47.02040816326531
47.18294784580499
47.50802721088435
47.85632653061224
48.01886621315193
48.18140589569161
48.34394557823129
48.48326530612245
48.692244897959185
48.83156462585034
49.017324263038546
49.179863945578234
49.342403628117914
49.504943310657595
49.66748299319728
49.83002267573696
49.99256235827664
50.155102040816324
50.340861678004536
50.50340136054422
50.6659410430839
50.828480725623585
50.991020408163266
51.153560090702946
51.33931972789116
51.50185941043084
51.66439909297052
51.82693877551021
51.98947845804989
52.15201814058957
52.31455782312925
52.47709750566894
52.66285714285714
52.82539682539682
52.98793650793651
53.15047619047619
53.31301587301587
53.47555555555556
53.661315192743764
53.80063492063492
53.98639455782313
54.14893424036281
54.31147392290249
54.474013605442174
54.63655328798186
54.79909297052154
54.98485260770975
55.147392290249435
55.309931972789116
55.472471655328796
55.635011337868484
55.797551020408164
55.960090702947845
56.14585034013606
56.30839002267574
56.47092970521542
56.6334693877551
56.79600907029479
56.98176870748299
57.12108843537415
57.283628117913835
57.446167800453516
57.63192743764172
57.79446712018141
57.95700680272109
58.11954648526077
58.28208616780045
58.44462585034014
58.63038548752834
58.792925170068024
59.09478458049887
59.44308390022676
59.628843537414966
59.791383219954646
59.953922902494334
60.116462585034014
60.279002267573695
60.441541950113375
60.60408163265306
60.766621315192744
60.929160997732424
61.11492063492064
61.25424036281179
61.44
61.602539682539685
61.765079365079366
61.92761904761905
62.09015873015873
62.27591836734694
62.43845804988662
62.6009977324263
62.76353741496599
62.92607709750567
63.08861678004535
63.25115646258504
63.41369614512472
63.59945578231292
63.76199546485261
63.92453514739229
64.08707482993198
64.24961451247165
64.41215419501134
64.59791383219955
64.76045351473923
64.92299319727891
65.0855328798186
65.24807256235827
65.43383219954649
65.57315192743764
65.75891156462585
65.92145124716554
66.2465306122449
66.40907029478458
66.57160997732426
66.73414965986395
66.91990929705216
67.0592290249433
67.24498866213152
67.4075283446712
67.57006802721088
67.89514739229026
68.05768707482993
68.24344671201814
68.49886621315193
68.70784580498866
68.89360544217688
69.05614512471655
69.21868480725624
69.40444444444445
69.5437641723356
69.70630385487529
69.89206349206349
70.05460317460317
70.21714285714286
70.37968253968253
70.54222222222222
70.70476190476191
70.89052154195011
71.0530612244898
71.21560090702948
71.37814058956916
71.54068027210884
71.70321995464853
71.8657596371882
72.05151927437642
72.2140589569161
72.37659863945578
72.53913832199547
72.70167800453515
72.86421768707483
73.02675736961451
73.18929705215419
73.35183673469388
73.53759637188209
73.70013605442176
73.86267573696145
74.02521541950114
74.21097505668934
74.37351473922902
74.53605442176871
74.69859410430838
74.86113378684807
75.02367346938776
75.18621315192743
75.34875283446712
75.53451247165533
75.697052154195
75.8595918367347
76.02213151927438
76.18467120181406
76.34721088435374
76.50975056689343
76.6722902494331
76.85804988662132
77.020589569161
77.18312925170068
77.34566893424036
77.50820861678004
77.67074829931973
77.83328798185941
77.99582766439909
78.1815873015873
78.34412698412699
78.50666666666666
78.66920634920635
78.83174603174604
78.99428571428571
79.18004535147392
79.34258503401361
79.50512471655328
79.66766439909297
79.83020408163266
79.99274376417233
80.15528344671202
80.34104308390023
80.5035827664399
80.66612244897959
80.82866213151928
81.15374149659864
81.31628117913833
81.50204081632653
81.8271201814059
81.98965986394558
82.15219954648526
82.50049886621315
82.66303854875284
82.82557823129251
83.15065759637189
83.31319727891156
83.47573696145125
83.66149659863946
83.82403628117913
83.98657596371882
84.14911564625851
84.47419501133787
84.63673469387756
84.79927437641723
85.14757369614513
85.3101133786848
85.63519274376418
85.96027210884354
86.2853514739229
86.63365079365079
86.95873015873016
87.28380952380952
87.46956916099774
87.60888888888888
87.95718820861678
88.28226757369615
88.46802721088436
88.6073469387755
88.93242630385488
89.28072562358277
89.46648526077098
89.60580498866213
89.79156462585034
89.93088435374149
90.25596371882087
90.44172335600906
90.60426303854875
90.92934240362811
91.27764172335601
91.60272108843537
91.92780045351473
92.25287981859411
92.601179138322
92.76371882086168
92.92625850340136
93.1352380952381
93.25133786848073
93.5764172335601
93.92471655328798
94.01759637188209
94.24979591836734
94.41233560090703
94.57487528344672
94.76063492063491
95.08571428571429
95.24825396825396
95.41079365079365
95.57333333333334
95.75909297052154
95.82875283446712
96.24671201814058
96.57179138321996
96.73433106575963
96.89687074829932
97.05941043083901
97.2451700680272
97.38448979591837
97.57024943310658
97.73278911564626
97.89532879818594
98.05786848072562
98.2204081632653
98.87056689342404
99.05632653061224
99.21886621315193
99.38140589569161
99.54394557823129
99.7297052154195
99.89224489795919
100.05478458049886
100.37986394557824
100.54240362811791
100.7049433106576
100.86748299319729
101.21578231292517
101.37832199546486
101.54086167800453
101.72662131519274
102.2142403628118
102.37678004535148
102.70185941043084
102.86439909297052
103.05015873015873
103.32879818594104
103.53777777777778
103.70031746031746
103.86285714285714
104.02539682539683
104.18793650793651
104.37369614512471
104.5362358276644
104.69877551020409
104.86131519274376
105.02385487528345
105.18639455782314
105.34893424036281
105.5114739229025
106.83501133786848
108.34430839002268
108.50684807256236
108.66938775510204
108.85514739229025
109.50530612244899
109.66784580498866
109.83038548752835
109.99292517006803
110.3180045351474
110.66630385487528
110.82884353741497
110.99138321995464
111.15392290249433
111.31646258503402
111.47900226757369
111.64154195011338
111.82730158730159
111.98984126984126
112.12916099773243
112.47746031746031
112.96507936507936
113.2669387755102
113.31337868480726
113.47591836734694
113.63845804988662
113.80099773242631
113.96353741496598
114.1492970521542
114.31183673469388
114.47437641723356
114.63691609977325
114.79945578231292
115.28707482993197
115.61215419501134
115.79791383219954
115.9372335600907
116.12299319727892
116.28553287981859
116.44807256235828
116.63383219954649
116.79637188208616
116.95891156462585
117.21433106575964
117.37687074829932
117.79482993197279
117.95736961451247
118.11990929705216
118.28244897959183
118.44498866213152
118.63074829931973
118.77006802721088
118.9558276643991
119.11836734693877
119.28090702947846
119.44344671201814
119.60598639455782
119.95428571428572
120.11682539682539
120.27936507936508
120.44190476190477
120.60444444444444
120.76698412698413
120.92952380952381
121.09206349206349
121.2778231292517
121.44036281179139
121.60290249433106
121.76544217687075
121.92798185941044
122.09052154195011
122.2530612244898
122.41560090702947
122.60136054421768
122.76390022675737
123.08897959183673
123.25151927437642
123.4140589569161
123.5998185941043
123.762358276644
123.92489795918367
124.08743764172335
124.24997732426304
124.41251700680272
124.5750566893424
124.73759637188209
125.41097505668934
126.57197278911565
126.73451247165534
127.0595918367347
127.40789115646258
127.57043083900227
127.73297052154194
127.91873015873016
128.05804988662132
128.4063492063492
128.5688888888889
128.89396825396827
129.05650793650793
129.14938775510205
129.21904761904761
129.42802721088435
129.544126984127
129.70666666666668
129.89242630385488
130.21750566893425
130.89088435374148
131.05342403628117
131.21596371882086
131.37850340136055
131.54104308390023
131.70358276643992
131.88934240362812
132.0518820861678
132.2144217687075
132.37696145124715
132.53950113378684
132.70204081632653
132.86458049886622
133.05034013605442
133.2128798185941
133.35219954648525
133.53795918367348
133.70049886621314
133.88625850340136
134.04879818594105
134.1881179138322
134.3506575963719
134.5364172335601
134.69895691609977
134.86149659863946
135.02403628117915
135.1865759637188
135.3491156462585
135.53487528344672
135.69741496598638
135.85995464852607
136.02249433106576
136.18503401360545
136.34757369614513
136.53333333333333
136.69587301587302
136.83519274376417
137.0209523809524
137.18349206349205
137.34603174603174
137.50857142857143
137.67111111111112
137.8336507936508
138.019410430839
138.34448979591838
138.53024943310658
138.66956916099772
138.85532879818595
138.9946485260771
139.1804081632653
139.34294784580499
139.50548752834467
139.66802721088436
139.83056689342405
139.9931065759637
140.17886621315193
140.31818594104308
140.50394557823128
140.66648526077097
140.82902494331066
140.99156462585034
141.15410430839003
141.3166439909297
141.50240362811792
141.6649433106576
141.82748299319726
141.99002267573695
142.15256235827664
142.31510204081633
142.47764172335602
142.6401814058957
142.8259410430839
142.9884807256236
143.15102040816328
143.31356009070294
143.47609977324262
143.6386394557823
143.8243990929705
143.9637188208617
144.14947845804988
144.31201814058957
144.47455782312926
144.63709750566895
144.82285714285715
144.98539682539683
145.12471655328798
145.31047619047618
145.47301587301587
145.79809523809524
145.96063492063493
146.14639455782313
146.30893424036282
146.4714739229025
146.61079365079365
146.79655328798185
147.12163265306123
147.4699319727891
147.60925170068026
147.7950113378685
148.09687074829932
148.28263038548752
148.6309297052154
148.7934693877551
148.93278911564627
149.09532879818593
149.28108843537416
149.44362811791385
149.6061678004535
149.7687074829932
149.90802721088434
150.11700680272108
150.27954648526077
150.5814058956916
150.76716553287983
150.9297052154195
151.11546485260772
151.2780045351474
151.44054421768706
151.60308390022675
151.76562358276644
151.92816326530613
152.0907029478458
152.2532426303855
152.4390022675737
152.6015419501134
152.76408163265307
152.92662131519273
153.08916099773242
153.2517006802721
153.4142403628118
153.57678004535148
153.76253968253968
153.92507936507937
154.08761904761906
154.25015873015872
154.4126984126984
154.5752380952381
154.7609977324263
154.90031746031747
155.08607709750567
155.24861678004535
155.41115646258504
155.57369614512473
155.7362358276644
155.89877551020408
156.0845351473923
156.24707482993196
156.40961451247165
156.57215419501134
156.73469387755102
156.8972335600907
157.0829931972789
157.2455328798186
157.40807256235829
157.57061224489797
157.73315192743763
157.89569160997732
158.058231292517
158.2207709750567
158.4065306122449
158.56907029478458
158.73160997732427
158.89414965986396
159.05668934240362
159.2192290249433
159.381768707483
159.54430839002268
159.73006802721088
160.05514739229025
160.21768707482994
160.38022675736963
160.5427664399093
160.70530612244897
160.86784580498866
161.03038548752835
161.37868480725623
